Montage 25 1.0 28.54624 3.65353 337 
Montage 25 1.0 28.59568 3.65217 425 
Montage 25 1.0 28.54624 3.65443 424 
Montage 25 1.0 28.59568 3.65412 422 
Montage 25 1.0 28.54624 3.65414 422 
Montage 25 1.0 28.54624 3.65602 415 
Montage 25 1.0 28.58701 3.65807 424 
Montage 25 1.0 28.54624 3.65286 421 
Montage 25 1.0 28.58701 3.65497 424 
Montage 25 1.0 28.54624 3.65613 421 
Montage 50 1.0 53.28507 9.60557 340 
Montage 50 1.0 53.21749 9.60547 350 
Montage 50 1.0 53.22832 9.59349 349 
Montage 50 1.0 53.11757 9.60575 350 
Montage 50 1.0 53.05757 9.58913 346 
Montage 50 1.0 53.12552 9.59680 342 
Montage 50 1.0 53.28082 9.61176 345 
Montage 50 1.0 53.25840 9.61385 346 
Montage 50 1.0 53.20560 9.58826 335 
Montage 50 1.0 53.32993 9.61106 346 
Montage 100 1.0 103.36170 27.27320 266 
Montage 100 1.0 103.95002 27.23581 264 
Montage 100 1.0 103.74751 27.24515 266 
Montage 100 1.0 103.83919 27.29020 267 
Montage 100 1.0 103.69418 27.22686 266 
Montage 100 1.0 103.72366 27.25408 264 
Montage 100 1.0 103.70585 27.27888 262 
Montage 100 1.0 103.48503 27.26707 263 
Montage 100 1.0 103.73419 27.22795 267 
Montage 100 1.0 103.73551 27.21402 266 
CyberShake 30 1.0 156.12667 4.81883 415 
CyberShake 30 1.0 156.12667 4.81929 421 
CyberShake 30 1.0 156.12667 4.81588 420 
CyberShake 30 1.0 156.12667 4.81681 419 
CyberShake 30 1.0 156.12667 4.81521 416 
CyberShake 30 1.0 156.12667 4.81844 419 
CyberShake 30 1.0 156.12667 4.81562 418 
CyberShake 30 1.0 156.12667 4.81093 420 
CyberShake 30 1.0 156.12667 4.81595 418 
CyberShake 30 1.0 156.12667 4.81556 417 
CyberShake 50 1.0 181.89000 9.90253 331 
CyberShake 50 1.0 181.71667 9.88669 336 
CyberShake 50 1.0 181.64518 9.88284 333 
CyberShake 50 1.0 181.89000 9.90830 331 
CyberShake 50 1.0 181.89000 9.90491 332 
CyberShake 50 1.0 180.87124 9.89532 332 
CyberShake 50 1.0 180.87124 9.89959 332 
CyberShake 50 1.0 181.89000 9.89500 330 
CyberShake 50 1.0 181.89000 9.90709 331 
CyberShake 50 1.0 181.63124 9.89790 332 
CyberShake 100 1.0 239.50417 29.38331 251 
CyberShake 100 1.0 239.68333 29.34837 251 
CyberShake 100 1.0 240.37007 29.32840 249 
CyberShake 100 1.0 239.45223 29.37515 253 
CyberShake 100 1.0 239.48995 29.29809 249 
CyberShake 100 1.0 240.63373 29.30061 251 
CyberShake 100 1.0 239.39667 29.33574 253 
CyberShake 100 1.0 240.92333 29.34717 255 
CyberShake 100 1.0 240.53333 29.36713 251 
CyberShake 100 1.0 239.89174 29.31801 254 
Epigenomics 24 1.0 2330.39469 3.36732 432 
Epigenomics 24 1.0 2320.90755 3.36025 434 
Epigenomics 24 1.0 2328.24791 3.36402 432 
Epigenomics 24 1.0 2328.24791 3.36603 434 
Epigenomics 24 1.0 2320.90755 3.36458 412 
Epigenomics 24 1.0 2320.90755 3.36673 436 
Epigenomics 24 1.0 2328.24791 3.36128 431 
Epigenomics 24 1.0 2320.90755 3.36826 441 
Epigenomics 24 1.0 2320.90755 3.36049 440 
Epigenomics 24 1.0 2320.90755 3.36647 441 
Epigenomics 47 1.0 4318.48768 8.11772 331 
Epigenomics 47 1.0 4318.48768 8.12049 330 
Epigenomics 47 1.0 4318.48768 8.11901 337 
Epigenomics 47 1.0 4318.48768 8.12618 328 
Epigenomics 47 1.0 4318.48768 8.11428 333 
Epigenomics 47 1.0 4318.48768 8.12397 334 
Epigenomics 47 1.0 4318.48768 8.13211 337 
Epigenomics 47 1.0 4318.48768 8.12720 335 
Epigenomics 47 1.0 4313.60977 8.12698 336 
Epigenomics 47 1.0 4318.48768 8.13216 334 
Epigenomics 100 1.0 35322.55520 40.41983 394 
Epigenomics 100 1.0 35435.79000 40.38722 405 
Epigenomics 100 1.0 35278.67164 40.39684 404 
Epigenomics 100 1.0 35460.89708 40.43375 401 
Epigenomics 100 1.0 35419.46667 40.43311 405 
Epigenomics 100 1.0 35220.01252 40.40373 398 
Epigenomics 100 1.0 35347.83242 40.41556 394 
Epigenomics 100 1.0 35409.11333 40.36718 404 
Epigenomics 100 1.0 35273.25152 40.37121 388 
Epigenomics 100 1.0 35320.18198 40.44224 403 
Ligo 30 1.0 659.84543 4.81809 438 
Ligo 30 1.0 659.79633 4.82721 441 
Ligo 30 1.0 659.84543 4.82635 437 
Ligo 30 1.0 659.84543 4.82558 442 
Ligo 30 1.0 659.84543 4.82958 442 
Ligo 30 1.0 659.84543 4.81845 439 
Ligo 30 1.0 659.84543 4.82915 441 
Ligo 30 1.0 658.23289 4.82271 444 
Ligo 30 1.0 661.56574 4.82840 442 
Ligo 30 1.0 659.84543 4.81919 444 
Ligo 50 1.0 998.83978 9.07478 339 
Ligo 50 1.0 1006.73978 9.08769 344 
Ligo 50 1.0 1003.58074 9.08564 344 
Ligo 50 1.0 998.51502 9.07058 338 
Ligo 50 1.0 1016.31033 9.09460 345 
Ligo 50 1.0 997.69452 9.08938 342 
Ligo 50 1.0 993.83820 9.08456 340 
Ligo 50 1.0 997.68631 9.07758 344 
Ligo 50 1.0 1007.01429 9.07925 338 
Ligo 50 1.0 1008.21155 9.08488 345 
Ligo 100 1.0 1774.48000 23.27546 257 
Ligo 100 1.0 1774.48000 23.29101 259 
Ligo 100 1.0 1774.02437 23.29432 259 
Ligo 100 1.0 1774.48000 23.27996 259 
Ligo 100 1.0 1774.48000 23.31410 255 
Ligo 100 1.0 1774.48000 23.31702 259 
Ligo 100 1.0 1774.23000 23.27498 258 
Ligo 100 1.0 1774.48000 23.25719 259 
Ligo 100 1.0 1774.48000 23.28997 257 
Ligo 100 1.0 1774.48000 23.27176 258 
